<?xml version="1.0"?>
<opencv_storage>
<calibration_time>"Tue 03 Mar 2020 11:45:48 AM MST"</calibration_time>
<nr_of_frames>21</nr_of_frames>
<image_width>1280</image_width>
<image_height>960</image_height>
<board_width>14</board_width>
<board_height>9</board_height>
<square_size>15.</square_size>
<fix_aspect_ratio>1.</fix_aspect_ratio>
<!-- flags: +fix_aspectRatio +fix_principal_point +zero_tangent_dist +fix_k4 +fix_k5 -->
<flags>6158</flags>
<fisheye_model>0</fisheye_model>
<camera_matrix type_id="opencv-matrix">
  <rows>3</rows>
  <cols>3</cols>
  <dt>d</dt>
  <data>
    9.1180423572484301e+02 0. 640. 0. 9.1180423572484301e+02 480. 0. 0.
    1.</data></camera_matrix>
<distortion_coefficients type_id="opencv-matrix">
  <rows>5</rows>
  <cols>1</cols>
  <dt>d</dt>
  <data>
    -3.6257579254111594e-01 2.1430483459671409e-01 0. 0.
    -8.9095829156620635e-02</data></distortion_coefficients>
<avg_reprojection_error>3.2274384848499943e-01</avg_reprojection_error>
<per_view_reprojection_errors type_id="opencv-matrix">
  <rows>21</rows>
  <cols>1</cols>
  <dt>f</dt>
  <data>
    1.57377899e-01 1.20301977e-01 1.67148337e-01 1.33047178e-01
    1.33086100e-01 1.98250711e-01 3.68993312e-01 3.57459128e-01
    1.92539334e-01 5.53087413e-01 4.30116624e-01 2.77619094e-01
    4.07977194e-01 3.93896878e-01 3.46189350e-01 3.10479671e-01
    3.23711574e-01 3.52212250e-01 4.09343511e-01 2.90184498e-01
    3.97618204e-01</data></per_view_reprojection_errors>
<!-- a set of 6-tuples (rotation vector + translation vector) for each view -->
<extrinsic_parameters type_id="opencv-matrix">
  <rows>21</rows>
  <cols>6</cols>
  <dt>d</dt>
  <data>
    -8.9100228967588083e-02 -2.6523322397704396e-02
    -3.1246752885471945e+00 2.4642706044154068e+02
    1.9870791958952955e+02 5.2980821851958194e+02
    -8.9699533717340754e-02 -2.4190293544148721e-02
    -3.1313248546077523e+00 9.7750337693775464e+01
    2.0113264403633721e+02 5.3752782687953140e+02 1.0322906949837689e-01
    2.7965935251262345e-02 3.1338951685163159e+00
    -9.3109694019888096e+01 2.0421586681960846e+02
    5.4745707756619913e+02 -8.6658324896171285e-02
    1.2914679128509044e-02 -2.3496978051036552e+00
    -2.3633810412248718e+02 1.4971830483315154e+02
    5.5644818302101532e+02 -8.6121219857406645e-02
    -4.1707027391190126e-03 -2.5087318768163920e+00
    -1.2845733686388368e+02 4.7007108492455117e+01
    5.5128627962206701e+02 -9.4077860236190969e-02
    -4.2806170527957231e-02 -3.0108595439882451e+00
    2.7992397753352392e+01 -5.3257587462701537e+01
    5.4323794652933407e+02 2.3880129994741220e-01 2.6665328624356116e-01
    -2.1908292826816198e+00 1.3939308528773830e+02
    1.9514864186770243e+01 4.9597307978135308e+02
    -2.8274336864795030e-01 2.3899458619129091e-01
    -2.4017741012706302e+00 4.8726943758022777e+01
    5.6692113128499770e+01 4.7308696213824675e+02
    -6.8253400914085227e-01 -1.4319820466596386e-01
    -3.0197037265384896e+00 2.5786131137165148e+02
    7.6846960108875891e+01 3.4496131907251385e+02
    -1.8843214477961040e-01 -6.2749748019437257e-01
    -2.5670865365933349e+00 -3.5624392590643367e+01
    4.5211318669656990e+01 3.6247705473094834e+02
    -4.9400712477199182e-01 -4.5760303706577388e-01
    -2.6902024818776433e+00 9.5863553714912996e+01
    8.9738196954719072e+01 3.5193969304532914e+02
    -6.1462476953631762e-01 -3.5489490893449777e-01
    -2.8149447294544845e+00 2.3888181057218745e+02
    9.4567785017706981e+01 3.6547367244182368e+02
    -4.6418589385727582e-01 -9.1803622740844093e-01
    -2.7069351678261939e+00 2.1740113777687418e+02
    1.6345531205851395e+02 3.2662858167067128e+02
    -5.5248032651978574e-01 3.4763665197401244e-01
    -2.1041358720818728e+00 1.4665253492155904e+02
    6.0473578301514848e+01 3.4257034513961770e+02
    -2.6386386577832138e-01 2.7809367800222553e-02
    -2.1536826694884565e+00 2.0771306500424991e+01
    2.1576581414532251e+02 3.9577974481371160e+02
    -3.4896592279001426e-01 6.6567889703719699e-02
    -2.2118363627702164e+00 1.3496293634378230e+02
    2.0736882089748710e+02 3.9547376934442934e+02
    -3.4929333250949118e-01 7.5301033374584145e-02
    -2.1767712773018713e+00 1.5526751284030706e+02
    1.1110985745820261e+02 4.0525359833774121e+02
    -2.5272173767925699e-01 3.4101944649213028e-01
    -2.8638676646667660e+00 1.6094490381683798e+02
    -8.9772904944131270e+01 4.6282479013936535e+02
    3.4949125794458258e-01 2.4782519911837161e-01
    -2.2236514620179189e+00 -5.2279947071688134e+01
    5.6410799481916250e+01 3.7939195379848871e+02 8.6781788586119804e-02
    4.3991375284417239e-01 -2.2650124238937699e+00
    7.1783620480777969e+01 4.8079628033953398e+01 4.3236955155628482e+02
    -1.3087198875354530e-01 4.4827299419478112e-01
    -2.3390362034243575e+00 1.4311033107236454e+02
    2.6210083231104836e+01 4.2961776556344677e+02</data></extrinsic_parameters>
